setup:
  mode: "fpt_orthant"
  n_processes: 3
  n_nodes: 1
  axes: ["alphas", "sigmas", "seed"]
  chunks: [1, Null, Null]
  dimension_names: ["fpt", "orthant"]
  outpath: "experiments/"
  condaenv: pycascades
base_config:
  type: "wunderling"
  dt: 10.
  Tend: 1000000
  x_init: [-1, -1, -1]
  GMT: 0.0
  strength: 0.0
  Tlim: [1.5, 4.0, 1.5]
  pf_wais_to_gis: 0.1
  pf_thc_to_gis: -0.5
  pf_gis_to_thc: 0.5
  pf_wais_to_thc: 0.12
  pf_thc_to_wais: 0.05
  pf_gis_to_wais: 0.5
  #pf_thc_to_amaz: 0.3
  k_wais_to_thc: -1.
  #k_thc_to_amaz: -1.
  alphas: 0.5
  sigmas: 0.0
  seed: 42
param_grid:
  n_seeds: 500
  orthogonal:
    alphas: [0.5, 1.5, 1.75]
    sigmas: [4., 2., 1., 0.5, 0.25, 0.125, 0.0625, 0.03125, 0.015625, 0.0078125, 0.00390625, 0.001953125, 0.0009765625, 0.00048828125, 0.000244140625, 0.0001220703125, 6.103515625e-05, 3.0517578125e-05, 1.52587890625e-05, 7.62939453125e-06, 3.814697265625e-06, 1.9073486328125e-06]
