setup:
  mode: "fpt_orthant"
  n_processes: 14
  n_nodes: 1
  axes: ["zip_id", "alphas", "sigmas", "seed"]
  chunks: [1, 1, Null, Null]
  dimension_names: ["fpt", "orthant"]
  outpath: "experiments/"
  condaenv: pycascades
base_config:
  type: "wunderling"
  dt: 10.
  Tend: 1000000
  x_init: [-1, -1, -1, -1]
  GMT: 3.0
  strength: 0.75
  Tlim: [1.5, 4.0, 1.5, 4.0]
  pf_wais_to_gis: 0.1
  pf_thc_to_gis: -0.5
  pf_gis_to_thc: 0.5
  pf_wais_to_thc: 0.12
  pf_thc_to_wais: 0.05
  pf_gis_to_wais: 0.5
  pf_thc_to_amaz: 0.3
  k_wais_to_thc: -1.
  k_thc_to_amaz: -1.
  alphas: 2.0
  sigmas: 0.0
  seed: 42
param_grid:
  n_seeds: 10
  zip:
    GMT: [0.0, 3.0]
    strength: [0.0, 0.75]
  orthogonal:
    alphas: [0.5, 0.75, 1.0, 1.25, 1.5, 1.75, 1.85]
    sigmas: [4., 2., 1., 0.5, 0.25, 0.125, 0.0625, 0.03125, 0.015625, 0.0078125, 0.00390625, 0.001953125, 0.0009765625, 0.00048828125, 0.000244140625, 0.0001220703125, 6.103515625e-05, 3.0517578125e-05, 1.52587890625e-05, 7.62939453125e-06, 3.814697265625e-06, 1.9073486328125e-06,  9.5367431640625e-07, 4.76837158203125e-07, 2.384185791015625e-07, 1.1920928955078125e-07, 5.960464477539063e-08, 2.9802322387695312e-08, 1.4901161193847656e-08]
